,query1,query2,size,siamese_distance,average_image_time_query1,average_image_time_query2,patch_retrieval_time,image_comparison_time,total_time
0,,,"(496, 512)",59.52995300292969,0.13599896430969238,4.664544343948364,0.0009982585906982422,2.120968818664551,6.786511421203613
14,,AMD8,"(496, 512)",60.71926498413086,0.13599896430969238,0.08502578735351562,0.0010027885437011719,0.11496853828430176,0.2019977569580078
25,,DME4,"(496, 512)",60.762699127197266,0.13599896430969238,0.20200085639953613,0.0009992122650146484,0.11600065231323242,0.3190007209777832
11,,AMD5,"(496, 512)",60.81595230102539,0.13599896430969238,0.08003377914428711,0.0009663105010986328,0.11600899696350098,0.19700908660888672
9,,AMD3,"(496, 512)",60.83447265625,0.13599896430969238,0.1050271987915039,0.0009713172912597656,0.11700248718261719,0.22300100326538086
5,,AMD13,"(496, 512)",60.886661529541016,0.13599896430969238,0.08099889755249023,0.0,0.11699986457824707,0.1979987621307373
15,,AMD9,"(496, 512)",60.92152404785156,0.13599896430969238,0.20299911499023438,0.0009996891021728516,0.11500072479248047,0.3189995288848877
27,,DME6,"(496, 512)",60.960853576660156,0.13599896430969238,0.24001860618591309,0.00099945068359375,0.12598252296447754,0.3670005798339844
19,,DME12,"(496, 512)",60.9995231628418,0.13599896430969238,0.1810004711151123,0.0010004043579101562,0.13000011444091797,0.31200098991394043
26,,DME5,"(496, 512)",61.0109977722168,0.13599896430969238,0.20803046226501465,0.00099945068359375,0.12097001075744629,0.3299999237060547
28,,DME7,"(496, 512)",61.095340728759766,0.13599896430969238,0.16102981567382812,0.0,0.11697030067443848,0.2780001163482666
6,,AMD14,"(496, 512)",61.11248016357422,0.13599896430969238,0.206007719039917,0.0010259151458740234,0.12396764755249023,0.33100128173828125
16,,DME1,"(496, 512)",61.124046325683594,0.13599896430969238,0.2020282745361328,0.0010020732879638672,0.1159968376159668,0.3190271854400635
22,,DME15,"(496, 512)",61.12486267089844,0.13599896430969238,0.1529996395111084,0.0009996891021728516,0.11700010299682617,0.2709994316101074
2,,AMD10,"(496, 512)",61.161617279052734,0.13599896430969238,0.1959996223449707,0.0,0.1160135269165039,0.3120131492614746
12,,AMD6,"(496, 512)",61.170509338378906,0.13599896430969238,0.0780189037322998,0.00099945068359375,0.1169734001159668,0.19599175453186035
7,,AMD15,"(496, 512)",61.17272186279297,0.13599896430969238,0.10400056838989258,0.0010001659393310547,0.11900067329406738,0.22400140762329102
29,,DME8,"(496, 512)",61.19059753417969,0.13599896430969238,0.14802908897399902,0.0009949207305908203,0.11998772621154785,0.2690117359161377
10,,AMD4,"(496, 512)",61.19590377807617,0.13599896430969238,0.07902860641479492,0.0010042190551757812,0.11796355247497559,0.1979963779449463
3,,AMD11,"(496, 512)",61.36064147949219,0.13599896430969238,0.07801461219787598,0.0010001659393310547,0.11697220802307129,0.19598698616027832
24,,DME3,"(496, 512)",61.43166732788086,0.13599896430969238,0.21000003814697266,0.0010013580322265625,0.11557459831237793,0.32657599449157715
20,,DME13,"(496, 512)",61.432945251464844,0.13599896430969238,0.16201186180114746,0.0010106563568115234,0.11897730827331543,0.2819998264312744
13,,AMD7,"(496, 512)",61.55253601074219,0.13599896430969238,0.20202922821044922,0.0009918212890625,0.1179804801940918,0.3210015296936035
4,,AMD12,"(496, 512)",61.56625747680664,0.13599896430969238,0.08103013038635254,0.0009984970092773438,0.11697196960449219,0.19900059700012207
23,,DME2,"(496, 512)",61.57083511352539,0.13599896430969238,0.21303629875183105,0.000997781753540039,0.11696624755859375,0.33100032806396484
30,,DME9,"(496, 512)",61.58897399902344,0.13599896430969238,0.1510179042816162,0.0010013580322265625,0.11596822738647461,0.2679874897003174
8,,AMD2,"(496, 512)",61.6611213684082,0.13599896430969238,0.10803031921386719,0.0010023117065429688,0.11796689033508301,0.22699952125549316
17,,DME10,"(496, 512)",61.67303466796875,0.13599896430969238,0.07700419425964355,0.0009694099426269531,0.1380023956298828,0.21597599983215332
18,,DME11,"(496, 512)",61.742069244384766,0.13599896430969238,0.19499683380126953,0.0010008811950683594,0.13399934768676758,0.32999706268310547
21,,DME14,"(496, 512)",61.77243423461914,0.13599896430969238,0.17400050163269043,0.0010018348693847656,0.1269984245300293,0.3020007610321045
1,,AMD1,"(496, 512)",62.0390510559082,0.13599896430969238,0.10900330543518066,0.00102996826171875,0.1180105209350586,0.228043794631958
